0	0.18064807929935592	1.0	115928	153	2592326	115623	19637565940	99688756400	32878902443180	32878994762241	1.0	6.82220766882406	1.0	0.1969887743528918	0.19791687248926987	1.0	19689476303.0	99737733237.0
2	0.18470284857031263	0.9998786700854422	108866	3386	2596155	108566	19515799558	99738925275	32022353552002	32071549531051	1.0	7.016835230719083	1.0	0.19566883745930758	0.2020251858273137	0.9998786700854422	20143066417.0	99685639581.0
4	0.18421557321126922	0.9998786700854422	106774	4838	2596795	106466	19356013964	99782534205	32039866118478	32104136550089	1.0	6.965250455747883	1.0	0.19398198410388828	0.20017619383079105	0.9998786700854422	19944280254.0	99417467016.0
6	0.1840097382422444	0.9998786700854422	103578	6087	2598740	103276	19372980203	99614953137	31433310528203	31542420620078	1.0	29.983790770497578	1.0	0.19447863591680284	0.19764902113294636	0.9998786700854422	19755227963.0	99767581706.0
8	0.1917906043568608	0.9998786700854422	100755	6884	2600766	100464	21251851703	99534516975	30973962614838	31180913425818	1.0	29.983790770497578	1.0	0.2135123809194534	0.21698333355784136	0.9998786700854422	21651607809.0	99874115611.0
10	0.1889162496183432	0.9998786700854422	98921	7984	2601500	98635	20169234404	99504569551	30768223919991	31015429602359	1.0	7.016835230719083	1.0	0.20269656453980714	0.20588068375242227	0.9998786700854422	20551287991.0	99663398823.0
12	0.18841514732421225	0.9998786700854422	97130	8931	2602343	96847	20164385562	99716832907	30624653345702	30928160243740	1.0	29.983790770497578	1.0	0.20221646610864719	0.20613290731374412	0.9998786700854422	20554111439.0	99876560647.0
14	0.20114674668281804	0.9998786700854422	94570	10242	2603593	94288	21835247966	99817815482	30232798585330	30625567751197	1.0	7.016835230719083	1.0	0.21875101013343173	0.222466785550644	0.9998786700854422	22217467115.0	99800301577.0
16	0.19563313292523923	0.9998786700854422	91581	11136	2605688	91290	21788237910	99619910466	29822655001464	30269939576796	1.0	7.016835230719083	1.0	0.2187136869334596	0.22414440298412097	0.9998786700854422	22333953805.0	99563421276.0
18	0.19823295648238687	0.996125712727455	89380	11877	2607148	89096	22170161111	99715055300	29458064483642	29954599785323	1.0	29.983790770497578	1.0	0.22233514331711954	0.2260847981060566	0.9998786700854422	22525342459.0	99489872945.0
20	0.1982999201362958	0.996125712727455	86899	12864	2608642	86618	21710735974	98994291398	28872620891634	29438024951125	1.0	7.016835230719083	1.0	0.2193130095422717	0.22442378885265132	0.9998786700854422	22372487718.0	99912263994.0
22	0.20768609371971772	0.996125712727455	86130	13942	2608333	85857	21588949616	99537162462	29062544238251	29661318547790	1.0	29.983790770497578	1.0	0.21689336004773038	0.2226840657562332	0.9998786700854422	22180753891.0	99581680997.0
24	0.20161426263262716	0.996125712727455	82902	14658	2610842	82626	21624106330	99450888322	28382145878307	29045690871837	1.0	29.983790770497578	1.0	0.21743502441110352	0.22097053637036435	0.9998786700854422	21992698270.0	99681578522.0
26	0.20518214419998157	0.996125712727455	80053	14779	2613562	79778	22517920677	99751612437	27765187595473	28520926197505	1.0	6.965250455747883	1.0	0.2257399166476794	0.22781181637082776	0.9998786700854422	22737877031.0	99754635734.0
28	0.19886474389776515	0.996125712727455	78210	15753	2614441	77937	21157933361	99702259983	27508698746682	28329656239697	1.0	6.940838893755174	1.0	0.21221117118716856	0.21183236680192155	0.9998786700854422	21120347036.0	99861655691.0
30	0.21715095162649328	0.9916691678995898	77457	16375	2614569	77190	22507651687	99780921304	27346103665501	28237630136479	1.0	6.965250455747883	1.0	0.2255706942054234	0.2251596534557754	0.9998786700854422	22453701645.0	99743562359.0
32	0.212749745669847	0.8669945737627752	76402	17899	2614088	76134	23297209114	99623440983	27391817437725	28367486161031	1.0	6.977495753883588	1.0	0.23385268451001903	0.23396942857742384	1.0	23350428040.0	99767746809.0
34	0.20524894283365686	0.9002457251503303	73651	17881	2616870	73391	21137323549	99559043084	26800526779253	27752914046055	1.0	6.965250455747883	1.0	0.21230942859872617	0.21566547894396093	0.8489398578033032	21519072521.0	99789593407.0
36	0.21267466895032902	0.8444457037761289	71908	19048	2617443	71641	21914536395	99878108675	26563802423554	27629411732358	1.0	29.983790770497578	1.0	0.21941280913026862	0.22216744989476042	0.9998786700854422	22165186155.0	99873383288.0
38	0.2106316335145956	0.8070843724977045	70765	19475	2618158	70510	23063414202	99784191916	26499721742302	27661613981125	1.0	6.965250455747883	1.0	0.23113294560139513	0.23277771141093848	0.8070843724977045	23190471634.0	99720078748.0
40	0.21709928428746972	0.7949562749728608	68571	19610	2620220	68317	23579715901	99984889843	25871752540944	27078094136373	1.0	29.983790770497578	1.0	0.23583279371538787	0.23828574454782683	0.8070843724977045	23771917732.0	99510466363.0
42	0.21702712240694372	0.8036907156273734	66841	20363	2621182	66586	22377009014	99593421264	25532646168611	26821056046355	1.0	29.983790770497578	1.0596779402576988	0.2246836059048873	0.22684049594138037	0.9751966034556404	22639236009.0	99801366108.0
44	0.21348596552259586	0.8648028796170952	64947	20662	2622791	64700	23132321070	99980168637	25058947660925	26467626842904	1.0	6.7208143092904455	1.0598188442148195	0.23136909434496936	0.23244487980209252	0.8070843724977045	23136880379.0	99541356959.0
46	0.21506501538438016	0.7648408253917839	62508	21257	2624634	62257	21914578929	99692269219	24519760390778	25994903978302	1.0	6.82220766882406	1.0598188442148195	0.21982225001678843	0.2193391871887564	0.812820253869298	21904544528.0	99830511926.0
48	0.2287305460005101	0.802410802361317	63266	22229	2622904	63027	23169516656	99810111459	25004710421172	26613293683202	1.0	6.965250455747883	1.0596779402576988	0.2321359661592761	0.2348191315663584	0.9019408788701494	23459954000.0	99366702551.0
50	0.21962999662103264	0.8148432594460865	58956	22508	2626927	58717	23666072377	99991833049	23715510905546	25311954805452	1.0	6.7208143092904455	0.9510182123878845	0.23668005331398093	0.23725570742178181	0.7913728536229481	23680433418.0	99847827893.0
52	0.22192982895832386	0.6400350557971587	58970	23106	2626322	58733	22677382534	99602525930	24056735472626	25814240238382	1.0	6.819523608552607	0.9925495427018298	0.22767878949111708	0.22682670224405252	0.9445317671623321	22659460922.0	99929080131.0
54	0.22805306172641415	0.5636309017646289	57540	23442	2627421	57311	22693348789	98725345519	23777253698613	25644074737874	1.0	6.7208143092904455	0.8647033262661051	0.22986345268989303	0.23339526183596507	0.7658678448799332	23327098354.0	99858207954.0
56	0.22063363975401956	0.7055314811089276	55295	24032	2629029	55068	22276406099	99470349189	23114947121153	25093893342364	1.0	6.965250455747883	0.8384495970539849	0.22395021512062263	0.2238182089570511	0.7773885842965168	22241533793.0	99562336957.0
58	0.2235911939934007	0.5362026422541785	54817	24087	2629493	54581	22345659076	99251339030	22940048335780	24953206761453	1.0	6.807194287442225	0.603442632949737	0.22514214210496178	0.22596811211605178	0.7867978733616795	22561622431.0	99830333347.0
60	0.22645565089632488	0.6961186829311238	52516	24533	2631315	52290	23433589041	99717330697	22423036245358	24622084072363	1.0	6.79914014014988	0.3334193329067126	0.23500016373487823	0.23487925964244666	0.8564779239151766	23388972258.0	99513288963.0
62	0.22668239421737668	0.5536965790259601	51120	25274	2631968	50901	22372178182	99687890036	22288514833160	24610714442186	1.0	6.977495753883588	0.31909272591950905	0.22442222594861622	0.22414866863475288	0.7652924780374719	22375068423.0	99740038108.0
64	0.22760165092557402	0.5146364884128589	50074	25448	2632819	49853	24142233572	99320076590	22051157863395	24434042928423	1.0	6.798501985993334	0.49571783646424	0.24307505995651588	0.24437081173361036	0.8122136672461906	24389102391.0	99782087214.0
66	0.23527982004481252	0.5301864902392707	49189	25568	2633624	48979	24805222165	99270829519	21477174338153	23864492129058	1.0	6.807194287442225	0.47887426221379614	0.24987423078047705	0.24828486102790515	0.9575336108596892	24780488915.0	99812534109.0
68	0.22575712344427562	0.7886857865287658	46603	25057	2636732	46395	22350041722	99908881995	20777482251858	23210503274079	1.0	6.82220766882406	0.6307150965082969	0.2237042520715878	0.2241521191033593	0.807043434578239	22315016231.0	99537847352.0
70	0.23944098600196434	0.6726044449877109	46927	26690	2634759	46719	23737839721	99787470210	20952656336218	23516354587708	1.0	6.807194287442225	0.5714653690496803	0.2378839715151047	0.23815714177642527	0.9566919170159949	23762284203.0	99757436695.0
72	0.23671529172979225	0.6694206261194323	44401	26288	2637705	44202	24136065885	99414373523	20510952781166	23348176414721	1.0	6.7208143092904455	0.6621175406804082	0.24278245720087954	0.24331110044630194	0.7403417990618937	24254395788.0	99585809121.0
74	0.24011551960166022	0.4315185460915232	44354	26470	2637548	44152	24353912720	99614814477	20336757713206	23207444804327	1.0	6.7208143092904455	0.44300807255817876	0.24448083197126327	0.24598220853116837	0.9125014741649157	24541729458.0	99692326927.0
76	0.24115475984247176	0.4394917443196656	43378	26965	2638057	43183	23482194014	99942317405	20093510498590	23133399341269	1.0	6.798501985993334	0.772053724817647	0.23495746970567258	0.23504300780080137	0.7733930030197854	23447186729.0	99748740102.0
78	0.22695248469627796	0.7546929556091153	41123	27118	2640159	40936	23438111648	99570282763	19668564543366	22813744366218	1.0	6.575951815524636	0.7245397653966652	0.23539263922538067	0.23559792214245887	0.8803528643775733	23469519928.0	99500961883.0
80	0.24537031773647466	0.66932062005878	40476	26792	2641094	40304	25172933518	99647403133	19257389924336	22550968939775	1.0	6.718243541550623	0.3919635125987322	0.2526200656167781	0.2564828230774562	0.8202169779985332	25590073916.0	99927044682.0
82	0.24106023910157404	0.43299996447337297	39775	27685	2640933	39602	25249798735	99343169607	19351430770759	22866661403291	1.0	6.807194287442225	0.2783966812067125	0.25416743632086436	0.2554154538084739	0.43299996447337297	25473778577.0	99343169607.0
84	0.23201481004128607	0.5780948628095453	37498	27075	2643827	37330	24118410625	99653791643	18535073097459	22060270095687	1.0	6.798501985993334	0.4588214732266346	0.24202200666284587	0.24682186222032865	0.8624548537369844	24614548850.0	99792313482.0
86	0.250500647354451	0.48497967425546595	36653	28287	2643455	36494	25644674119	99186956448	18698804895983	22621803756093	1.0	6.737484531943671	0.3955946283602261	0.2585488559924161	0.25852678449173994	0.4209324159782736	25807537132.0	99759626666.0
88	0.26753380126357534	0.6677560278488687	34774	28096	2645508	34620	28183455348	98549370712	17867757112758	22085824360787	1.0	6.704704039575613	0.32395002910231435	0.2859831082063744	0.28734656722907426	0.7332775608235451	28222793105.0	99625066766.0
90	0.27004244104953307	0.37638279299557204	34105	30117	2644122	33962	28146248031	99563421255	18429958152782	23182293975191	1.0	6.554594575984972	0.39312297586403144	0.28269667390107406	0.2822847695388074	0.6535166954393833	28111249340.0	99431688939.0
92	0.2668272489225053	0.3755350005501566	31670	29627	2647045	31532	27134725274	99788064054	17690972436800	22815976550724	1.0	6.673141606918343	0.41310479772533537	0.27192355650186906	0.27289337509170675	0.7070123597985091	27096907646.0	99294853299.0
94	0.27372676683897934	0.5580114418377827	30361	30812	2647150	30231	26898841166	99629415434	17456893153669	23184223891275	1.0	5.559826095687892	0.3178586777484426	0.2699889490350294	0.2725578957605201	0.7202106633070102	26864922355.0	99508631315.0
96	0.2871272023962811	0.3278969899425861	29460	32614	2646258	29337	28497303093	99624006820	17547674802015	24252856290399	1.0	6.737484531943671	0.34996619929000305	0.2860485539844702	0.2865222182392134	0.7638124342804472	28497303093.0	99624006820.0
98	0.2884441039170251	0.4735778235153803	27961	35216	2645168	27864	27760120876	99917131436	17707458882572	25752698694601	1.0	6.798501985993334	0.14223275890634204	0.2778314436877245	0.2788806826820258	0.46151243913458734	27748019808.0	99513306750.0
100	0.31194410490554164	0.2824172122485194	14245	44936	2649176	14176	32799449930	99988578523	15751098972605	30414034377639	1.0	4.6064687563218705	0.2980393300730035	0.3280319653954803	0.3335431677698096	0.34906455167494743	33209854838.0	99620911111.0
