0	0.04019351827376003	1.0	10087	126	2698194	0	99929816257	3126202235233	3171199770104	3171244716071	1.0	6.965001666646792	1.0	0.03196524368473945	0.03196524368473945	1.0	99929816257.0	3126202235233.0
2	0.04713864588109806	0.9998786700854422	8422	1770	2698215	0	99918233758	2611312137636	3162781603110	3179660113509	1.0	7.872567885433662	1.0	0.0382636117367628	0.0382636117367628	0.9998786700854422	99918233758.0	2611312137636.0
4	0.04929494345414721	0.9998786700854422	7976	2201	2698230	0	99918049004	2480432825735	3154931535002	3178694786188	1.0	7.872567885433662	1.0	0.04028250552376574	0.04028250552376574	0.9998786700854422	99918049004.0	2480432825735.0
6	0.05096555754358752	0.9998786700854422	7635	2523	2698247	0	99917407005	2396102137269	3150063735697	3204705213354	1.0	7.872567885433662	1.0	0.041699978248374105	0.041699978248374105	0.9998786700854422	99917407005.0	2396102137269.0
8	0.05244839458424629	0.9998786700854422	7355	2781	2698269	0	99917293325	2316101612364	3146213145387	3213850535515	1.0	8.428621945096369	1.0	0.04314028917885703	0.04314028917885703	0.9998786700854422	99917293325.0	2316101612364.0
10	0.053680762572939286	0.9998786700854422	7114	2995	2698296	0	99919310581	2261587861558	3136857231572	3220057995294	1.0	8.428621945096369	1.0	0.04418104300938631	0.04418104300938631	0.9998786700854422	99919310581.0	2261587861558.0
12	0.0549118752041835	0.9998786700854422	6894	3201	2698310	0	99919310581	2206314126239	3134460251912	3234080990538	1.0	8.428621945096369	1.0	0.04528788960406457	0.04528788960406457	0.9998786700854422	99919310581.0	2206314126239.0
14	0.05599094707873855	0.9998786700854422	6683	3404	2698318	0	99899950384	2155468763800	3133982775540	3238353644373	1.0	50.23151639461265	1.0	0.04634720394086372	0.04634720394086372	0.9998786700854422	99899950384.0	2155468763800.0
16	0.0571945057713568	0.9998786700854422	6512	3564	2698326	0	99899950384	2109765571207	3132011540770	3253056426996	1.0	50.23151639461265	1.0	0.047351208943488016	0.047351208943488016	0.9998786700854422	99899950384.0	2109765571207.0
18	0.058347095305813855	0.9998786700854422	6332	3734	2698336	0	99899950384	2064175841899	3128088790718	3258335027115	1.0	50.23151639461265	1.0	0.04839701558181888	0.04839701558181888	0.9998786700854422	99899950384.0	2064175841899.0
20	0.05987412796059796	0.9998786700854422	6141	3901	2698360	0	99899950384	2015962203044	3120955266968	3260313959831	1.0	50.23151639461265	1.0	0.04955447588905991	0.04955447588905991	0.9998786700854422	99899950384.0	2015962203044.0
22	0.06104656417250082	0.9998786700854422	5983	4042	2698376	0	99862637775	1970654344187	3114351586746	3279451754456	1.0	50.23151639461265	1.0	0.05067486242301852	0.05067486242301852	0.9998786700854422	99862637775.0	1970654344187.0
24	0.06149819595107162	0.9972203098846459	5844	4164	2698377	0	99143116584	1940564550242	3111354737203	3281880389616	1.0	50.23151639461265	1.0	0.05108983185930932	0.05108983185930932	0.9998786700854422	99143116584.0	1940564550242.0
26	0.06272805116860371	0.996125712727455	5711	4275	2698399	0	99832591337	1914019985400	3107595006478	3306082708875	1.0	8.634578637533417	1.0	0.05215859400555661	0.05215859400555661	0.9998786700854422	99832591337.0	1914019985400.0
28	0.06420433723142342	0.9982960624057546	5571	4379	2698435	0	99832586676	1870519360067	3100606814489	3317100561199	1.0	50.23151639461265	1.0	0.05337158695455796	0.05337158695455796	0.9998786700854422	99832586676.0	1870519360067.0
30	0.0653418821854167	0.996125712727455	5447	4498	2698440	0	99832586676	1841093760379	3098266087161	3327069391278	1.0	50.23151639461265	1.0	0.054224607580794185	0.054224607580794185	0.9998786700854422	99832586676.0	1841093760379.0
32	0.06671669575276745	0.996125712727455	5315	4626	2698444	0	99832586676	1803251124510	3093278703690	3338526313062	1.0	50.23151639461265	1.0	0.055362553400945556	0.055362553400945556	0.9998786700854422	99832586676.0	1803251124510.0
34	0.06705142063836239	0.996125712727455	5201	4726	2698458	0	99138572237	1774622024372	3088216835947	3359853609047	1.0	50.23151639461265	1.0	0.055864612788226256	0.055864612788226256	0.9998786700854422	99138572237.0	1774622024372.0
36	0.0680597097688472	0.996125712727455	5089	4822	2698474	0	99137328037	1746410993761	3082774937044	3383212966960	1.0	50.23151639461265	1.0	0.05676632155384104	0.05676632155384104	0.9998786700854422	99137328037.0	1746410993761.0
38	0.0692346409258947	0.996125712727455	4975	4919	2698491	0	99081052854	1715035285401	3077188734932	3384563689071	1.0	8.634578637533417	1.0	0.057772020026301336	0.057772020026301336	0.9998786700854422	99081052854.0	1715035285401.0
40	0.07071901981070329	0.996125712727455	4830	5031	2698524	0	99119722503	1681319595651	3064278384711	3393257221767	1.0	8.634578637533417	1.0	0.05895352838293736	0.05895352838293736	0.9998786700854422	99119722503.0	1681319595651.0
42	0.07210743530905611	0.996125712727455	4718	5127	2698540	0	99106357727	1650158244627	3057934183157	3418830923473	1.0	8.634578637533417	1.0	0.06005869924881168	0.06005869924881168	0.9998786700854422	99106357727.0	1650158244627.0
44	0.07349629024209349	0.996125712727455	4601	5242	2698539	0	99105528825	1618748558334	3058843235192	3420998384463	1.0	8.634578637533417	1.0	0.061223547236390084	0.061223547236390084	0.9998786700854422	99105528825.0	1618748558334.0
46	0.07431533941845468	0.996125712727455	4492	5338	2698571	0	99088631642	1600442538213	3059191065331	3464076795652	1.0	8.634578637533417	1.0	0.06191327040872021	0.06191327040872021	0.9998786700854422	99088631642.0	1600442538213.0
48	0.0754408736529423	0.996125712727455	4377	5449	2698575	0	99102102609	1577264915805	3056428292755	3482111271430	1.0	8.634578637533417	1.0	0.06283161542233415	0.06283161542233415	0.9998786700854422	99102102609.0	1577264915805.0
50	0.07653340982047421	0.996125712727455	4274	5526	2698601	0	99121648203	1559463729736	3052444328219	3497824401811	1.0	8.634578637533417	1.0	0.06356136812478493	0.06356136812478493	0.9998786700854422	99121648203.0	1559463729736.0
52	0.07721363448983048	0.996125712727455	4173	5620	2698608	0	99109192500	1535563003175	3053154118280	3520844913535	1.0	51.96665570513939	0.8662854062727419	0.06454257643292871	0.06454257643292871	0.9998786700854422	99109192500.0	1535563003175.0
54	0.07860263280769922	0.996125712727455	4069	5718	2698614	0	99802747268	1515219873385	3050465022706	3538605547368	1.0	51.96665570513939	0.8663275002879062	0.06586684151986519	0.06586684151986519	0.9998786700854422	99802747268.0	1515219873385.0
56	0.07982285439689792	0.996125712727455	3973	5787	2698641	0	99802805007	1494005947897	3044515098375	3556030634874	1.0	51.96665570513939	0.8716702848639891	0.06680214703795853	0.06680214703795853	0.9998786700854422	99802805007.0	1494005947897.0
58	0.08128947651938058	0.996125712727455	3875	5875	2698327	0	99788119399	1466878450024	3039204258264	3581729632386	1.0	51.96665570513939	0.8717129038360223	0.06802753111368386	0.06802753111368386	0.9998786700854422	99788119399.0	1466878450024.0
60	0.0819440976864635	0.9959042886830594	3815	5896	2698672	0	99789856428	1462768518799	3026217685984	3585783960427	1.0	8.634578637533417	0.8717129038360223	0.06821985512098117	0.06821985512098117	0.9998786700854422	99789856428.0	1462768518799.0
62	0.08295380309170675	0.9959042886830594	3717	5994	2698675	0	99780962474	1431879589449	3031408915933	3610976116471	1.0	8.634578637533417	0.8663275002879062	0.06968530259754356	0.06968530259754356	0.9998786700854422	99780962474.0	1431879589449.0
64	0.08362325755244193	0.996125712727455	3636	6063	2698684	0	99783951080	1421265946653	3028943419450	3627626264031	1.0	51.96665570513939	0.5061109902567186	0.07020779701011307	0.07020779701011307	0.9998786700854422	99783951080.0	1421265946653.0
66	0.08479975079367395	0.9959042886830594	3535	6122	2698735	0	99785794693	1406577854666	3014003614012	3666840993653	1.0	51.96665570513939	0.8127163571509594	0.07094224778385602	0.07094224778385602	0.9998786700854422	99785794693.0	1406577854666.0
68	0.085836065779354	0.9959042886830594	3454	6195	2698732	0	99803422791	1385132814705	3009074277647	3692359146559	1.0	5.002640775755991	0.8874983392113743	0.07205332350187352	0.07205332350187352	0.9711925112580244	99803422791.0	1385132814705.0
70	0.08716304290675615	0.9959042886830594	3334	6286	2698769	0	99782973500	1364778025409	3006090409895	3716642225964	1.0	51.96665570513939	0.48689075936441634	0.0731129690266641	0.0731129690266641	0.9728250870281794	99782973500.0	1364778025409.0
72	0.08797439346379293	0.9959042886830594	3261	6366	2698753	0	99753241177	1350678111136	3002758108370	3777957910057	1.0	51.96665570513939	0.7454865704223599	0.073854192464185	0.073854192464185	0.9743653511992338	99753241177.0	1350678111136.0
74	0.08897053347344043	0.9959042886830594	3176	6441	2698763	0	99774238946	1340744938417	2998880863136	3823694169392	1.0	51.96665570513939	0.6443479382953443	0.0744170170530736	0.0744170170530736	0.9378296930579086	99774238946.0	1340744938417.0
76	0.09037902766036825	0.9959042886830594	3069	6478	2698804	0	99657886382	1318261610998	2979375854156	3802472852401	1.0	51.96665570513939	0.7160323350767677	0.07559795836469306	0.07559795836469306	0.9323095472863122	99657886382.0	1318261610998.0
78	0.09088621241218839	0.9878432823426999	2971	6541	2698842	0	99799159194	1301355737617	2977715577195	3835744607283	1.0	4.677684885975835	0.7160323350767677	0.07668860735708512	0.07668860735708512	0.9032832330664197	99799159194.0	1301355737617.0
80	0.09280222037217946	0.9810989569891583	2867	6643	2698849	0	99819184496	1283815120898	2983062632037	3934327423153	1.0	5.636140831835861	0.4560285373669593	0.07775199315784559	0.07775199315784559	0.9427438707147688	99819184496.0	1283815120898.0
82	0.09277673712790477	0.9720314057219844	2766	6692	2698846	0	99649689037	1275686946634	2963858436689	3953685098010	1.0	5.704115847993594	0.45339951614202006	0.07811453217416194	0.07811453217416194	0.9744046721706197	99649689037.0	1275686946634.0
84	0.09420154568928535	0.9720314057219844	2667	6782	2698927	0	99762840650	1253177690720	2962645938494	4022223000488	1.0	5.636140831835861	0.49685629088742495	0.07960789709931902	0.07960789709931902	0.942850674963843	99762840650.0	1253177690720.0
86	0.09623121499683411	0.9397900334852762	2538	6854	2698965	0	99575093822	1231628690542	2940450670878	4083910300585	1.0	5.864462482822759	0.5920565167228564	0.08084830646335481	0.08084830646335481	0.8708887274160063	99575093822.0	1231628690542.0
88	0.09835776509604531	0.8924283977778448	2435	6948	2698889	0	99680016471	1210081591298	2937564051920	4166514706171	1.0	51.96665570513939	0.44821396944259473	0.08237462431279344	0.08237462431279344	0.8497317917521932	99680016471.0	1210081591298.0
90	0.10033034554714074	0.8642602391324083	2307	7025	2698831	0	99633574135	1188010532702	2927221049329	4241961350557	1.0	51.96665570513939	0.44930813299139416	0.08386590134718279	0.08386590134718279	0.8778235656391863	99633574135.0	1188010532702.0
92	0.1024385139764882	0.8521436104376757	2171	7139	2698823	0	99604341505	1166727081765	2916988031717	4392796457023	1.0	4.180611112462861	0.43794610345443025	0.08537072899201129	0.08537072899201129	0.7513104482249804	99604341505.0	1166727081765.0
94	0.10388039063559483	0.7499646069163652	2031	7226	2699034	0	99517961039	1147129986560	2899546192713	4559320310964	1.0	4.180611112462861	0.44036675314817364	0.08675386591316761	0.08675386591316761	0.6920498101314561	99517961039.0	1147129986560.0
96	0.10588846697019386	0.737687993278926	1889	7327	2698872	0	99627448051	1129558586927	2898398766000	4814804860720	1.0	3.977325626979404	0.4022637999794219	0.08820033702018028	0.08820033702018028	0.962844501784107	99627448051.0	1129558586927.0
98	0.10757587451014157	0.7427918145987088	1734	7431	2698972	0	99581466588	1112968551775	2879593890708	4936526264119	1.0	3.977325626979404	0.42898923206981504	0.0894737469708233	0.0894737469708233	0.7046621474130511	99581466588.0	1112968551775.0
100	0.11491029887476992	0.30175440899654293	1092	7932	2699183	0	99191694606	1036260259501	2839433318189	5791539932036	1.0	3.958764173649244	0.5019142411638542	0.09572083238410078	0.09572083238410078	0.5109877031838137	99191694606.0	1036260259501.0
