0	0.0651874958509727	1.0	14186	118	2694103	11402	67858426490	999637883993	4232206194539	4232251140506	1.0	6.965001666646792	1.0	0.0678830080138051	0.0678830080138051	1.0	67858426490.0	999637883993.0
2	0.06816080516623105	0.9998786700854422	11589	1760	2695058	8841	69901643855	999895259570	4014851384420	4031557808000	1.0	7.872567885433662	1.0	0.06990896615017543	0.06990896615017543	0.9998786700854422	69901643855.0	999895259570.0
4	0.07064983813549834	0.9998786700854422	10883	2211	2695313	8169	71244024208	999968833728	3931083595062	3955884367353	1.0	7.872567885433662	1.0	0.07124624468784092	0.07124624468784092	0.9998786700854422	71244024208.0	999968833728.0
6	0.07009799819365531	0.9998786700854422	10255	2531	2695619	7550	70376734307	999971719260	3851998002118	3897775430288	1.0	7.872567885433662	1.0	0.0703787246694139	0.0703787246694139	0.9998786700854422	70376734307.0	999971719260.0
8	0.07130097010571919	0.9998786700854422	9823	2807	2695775	7152	72047583893	999917777767	3814945819391	3878647743097	1.0	8.428621945096369	1.0	0.07205350829334736	0.07205350829334736	0.9998786700854422	72047583893.0	999917777767.0
10	0.07135185215111045	0.9998786700854422	9445	3021	2695939	6803	71807141704	999992615029	3746016415329	3827341093310	1.0	8.428621945096369	1.0	0.07180767200157531	0.07180767200157531	0.9998786700854422	71807141704.0	999992615029.0
12	0.07194584886836068	0.9972203098846459	9040	3244	2696121	6421	71627816962	999902073341	3697828912579	3802495946749	1.0	51.96665570513939	1.0	0.07163483192175812	0.07163483192175812	0.9998786700854422	71627816962.0	999902073341.0
14	0.07239978192561215	0.996125712727455	8669	3423	2696313	6072	72998988790	999852248511	3660284175070	3774787839192	1.0	50.23151639461265	1.0	0.07300977609312932	0.07300977609312932	0.9998786700854422	72998988790.0	999852248511.0
16	0.07302838406541315	0.996125712727455	8400	3608	2696394	5796	73013729280	999971052006	3636705677856	3773995395821	1.0	50.23151639461265	1.0	0.0730158429421834	0.0730158429421834	0.9998786700854422	73013729280.0	999971052006.0
18	0.07330148623383699	0.9998786700854422	8134	3772	2696496	5586	72951606181	999887361010	3605612795797	3756037820757	1.0	50.23151639461265	1.0	0.07295982430191994	0.07295982430191994	0.9998786700854422	72951606181.0	999887361010.0
20	0.07420548780604681	0.9998786700854422	7810	3975	2696617	5270	73453320854	999722492246	3577106121440	3743424961296	1.0	50.23151639461265	1.0	0.07347371037834514	0.07347371037834514	0.9998786700854422	73453320854.0	999722492246.0
22	0.07522271257340508	0.9996825613621259	7590	4109	2696706	5093	74280445130	999969657938	3549639294609	3739799128391	1.0	50.23151639461265	1.0	0.0742826990202592	0.0742826990202592	0.9998786700854422	74280445130.0	999969657938.0
24	0.07446751238450193	0.996125712727455	7374	4245	2696770	4900	73708027471	999868287006	3525685913219	3724444680062	1.0	50.23151639461265	1.0	0.0737177370548584	0.0737177370548584	0.9998786700854422	73708027471.0	999868287006.0
26	0.07559557756620962	0.996125712727455	7160	4381	2696848	4727	74635385907	999100076564	3500049639067	3724754346680	1.0	51.96665570513939	1.0	0.07470261253875406	0.07470261253875406	0.9998786700854422	74635385907.0	999100076564.0
28	0.07621688747592704	0.996125712727455	6855	4494	2697040	4383	76307457271	999978710195	3460094445335	3691197840835	1.0	50.23151639461265	1.0	0.07630908187647288	0.07630908187647288	0.9998786700854422	76307457271.0	999978710195.0
30	0.0763126717336153	0.996125712727455	6773	4599	2697017	4339	75572524303	998966711021	3458330903760	3698117115816	1.0	50.23151639461265	1.0	0.07565069333067229	0.07565069333067229	0.9998786700854422	75572524303.0	998966711021.0
32	0.07765632003713131	0.996125712727455	6505	4737	2697147	4081	76725958025	999572957064	3424323542883	3687580504114	1.0	50.23151639461265	1.0	0.0767587373015409	0.0767587373015409	0.9998786700854422	76725958025.0	999572957064.0
34	0.07667395622910997	0.996125712727455	6297	4831	2697261	3888	76035033923	999859136604	3391779006610	3675729842586	1.0	50.23151639461265	1.0	0.0760457459850308	0.0760457459850308	0.9998786700854422	76035033923.0	999859136604.0
36	0.07766134743774321	0.996125712727455	6136	4935	2697318	3743	76978950495	999738483687	3376533056973	3694416129055	1.0	50.23151639461265	1.0	0.07699908701233983	0.07699908701233983	0.9998786700854422	76978950495.0	999738483687.0
38	0.07713157711292974	0.996125712727455	5925	5026	2697438	3569	76399604357	999583647309	3336910411408	3664175808207	1.0	8.634578637533417	1.0	0.07643142678721983	0.07643142678721983	0.9998786700854422	76399604357.0	999583647309.0
40	0.07809076078787258	0.996125712727455	5743	5136	2697510	3437	75937560139	999965770611	3318025698939	3658177582091	1.0	8.634578637533417	1.0	0.07594015952426107	0.07594015952426107	0.9998786700854422	75937560139.0	999965770611.0
42	0.07846974137325005	0.996125712727455	5557	5233	2697599	3218	76805399100	999164740952	3282225630875	3655694926141	1.0	8.634578637533417	1.0	0.07686960513320369	0.07686960513320369	0.9998786700854422	76805399100.0	999164740952.0
44	0.07965214798068745	0.996125712727455	5391	5347	2697648	3119	77001664974	999796341037	3269553889284	3646060575276	1.0	8.634578637533417	1.0	0.07701735024768445	0.07701735024768445	0.9998786700854422	77001664974.0	999796341037.0
46	0.08016644610248262	0.996125712727455	5224	5428	2697749	2946	79782657126	999608745718	3240179866509	3661973818800	1.0	8.634578637533417	1.0	0.07981388465013242	0.07981388465013242	0.9998786700854422	79782657126.0	999608745718.0
48	0.08028392482645552	0.996125712727455	5052	5531	2697822	2768	78606367623	999795246537	3234117981207	3677177734279	1.0	8.634578637533417	1.0	0.0786224658451514	0.0786224658451514	0.9998786700854422	78606367623.0	999795246537.0
50	0.08072936601843946	0.996125712727455	4901	5606	2697894	2631	79408472295	999748799746	3216703425412	3678187455203	1.0	8.634578637533417	1.0	0.07942842473546836	0.07942842473546836	0.9998786700854422	79408472295.0	999748799746.0
52	0.08157518680677851	0.996125712727455	4761	5722	2697918	2531	81431418575	999861037663	3209123921625	3697087300873	1.0	51.96665570513939	0.8662854062727419	0.0814427360479329	0.0814427360479329	0.9998786700854422	81431418575.0	999861037663.0
54	0.08055464003763518	0.996125712727455	4651	5813	2697937	2457	77810720730	999444175540	3209883685859	3725989480804	1.0	51.96665570513939	0.8663275002879062	0.07785399388410948	0.07785399388410948	0.9998786700854422	77810720730.0	999444175540.0
56	0.08264513294701693	0.996125712727455	4499	5863	2698043	2320	81614841898	999249979959	3185231990669	3716233768869	1.0	51.96665570513939	0.8716702848639891	0.08167610061032848	0.08167610061032848	0.9998786700854422	81614841898.0	999249979959.0
58	0.08367897186213802	0.996125712727455	4338	5946	2697797	2153	80455388445	998662806127	3166565849976	3731921066511	1.0	51.96665570513939	0.8717129038360223	0.08056311695137716	0.08056311695137716	0.9998786700854422	80455388445.0	998662806127.0
60	0.08316502780673142	0.9959042886830594	4267	5990	2698126	2114	81191373230	999209427460	3148626046414	3729766449519	1.0	8.634578637533417	0.8717129038360223	0.08125561168531932	0.08125561168531932	0.9998786700854422	81191373230.0	999209427460.0
62	0.08441437301955602	0.9959042886830594	4117	6077	2698192	1980	82937611782	999943547242	3136903111617	3744568096352	1.0	8.634578637533417	0.8797776269924855	0.08294229410325697	0.08294229410325697	0.9998786700854422	82937611782.0	999943547242.0
64	0.08409277773646573	0.996125712727455	4048	6140	2698194	1945	82283362874	999964118591	3133713020850	3739429281194	1.0	51.96665570513939	0.8717129038360223	0.0822863154229388	0.0822863154229388	0.9998786700854422	82283362874.0	999964118591.0
66	0.08348873153224465	0.9959042886830594	3913	6192	2698287	1847	82214619198	999473647070	3108666186862	3780171905359	1.0	51.96665570513939	0.8127163571509594	0.082257915893046	0.082257915893046	0.9998786700854422	82214619198.0	999473647070.0
68	0.0848081743885674	0.9959042886830594	3818	6261	2698296	1749	83064162585	999483440939	3091810787454	3786899918363	1.0	4.677684885975835	0.7454865704223599	0.08310709230656432	0.08310709230656432	0.9711395206303096	83064162585.0	999483440939.0
70	0.08627717633038032	0.9959042886830594	3660	6334	2698391	1617	84178640180	999912116571	3086104395779	3799305388914	1.0	51.96665570513939	0.48689075936441634	0.0841860387377582	0.0841860387377582	0.9711925112580244	84178640180.0	999912116571.0
72	0.08798617202571955	0.9959042886830594	3578	6430	2698370	1572	84016247928	997389447125	3082529915383	3874720094568	1.0	51.96665570513939	0.7132035500450432	0.0842361508537903	0.0842361508537903	0.9664483876118553	84016247928.0	997389447125.0
74	0.08897053347344043	0.9959042886830594	3452	6507	2698425	1497	83337438046	999609979746	3068019012794	3904594185633	1.0	51.96665570513939	0.5720746896773593	0.08336995401664155	0.08336995401664155	0.9616512733379713	83337438046.0	999609979746.0
76	0.09037902766036825	0.9959042886830594	3330	6523	2698498	1395	85128633204	999970585097	3045617745478	3878199393552	1.0	51.96665570513939	0.5555717902256041	0.08513113732814678	0.08513113732814678	0.9704450805893307	85128633204.0	999970585097.0
78	0.09088621241218839	0.9876937987419512	3194	6587	2698577	1269	85587403093	998423495806	3040768993910	3945498023506	1.0	4.677684885975835	0.7174039953704667	0.08572254504478345	0.08572254504478345	0.9402070213989413	85587403093.0	998423495806.0
80	0.09280222037217946	0.9782922317862324	3074	6696	2698585	1196	86719882863	999445481580	3035508445069	4000694540063	1.0	5.636140831835861	0.4560285373669593	0.08676799731577811	0.08676799731577811	0.9427438707147688	86719882863.0	999445481580.0
82	0.09277673712790477	0.9720314057219844	2957	6741	2698655	1118	85910468857	999328876019	3013107326326	4009470666164	1.0	5.704115847993594	0.45339951614202006	0.085968164153566	0.085968164153566	0.9744046721706197	85910468857.0	999328876019.0
84	0.09420154568928535	0.9720314057219844	2819	6820	2698737	1003	86799434179	999649409644	3000728864452	4067069183028	1.0	5.636140831835861	0.49685629088742495	0.08682987589610185	0.08682987589610185	0.9427438707147688	86799434179.0	999649409644.0
86	0.09623121499683411	0.9383424733300844	2674	6884	2698797	912	88116398200	998741789099	2977443134884	4134322273481	1.0	5.864462482822759	0.5920565167228564	0.08822740688510981	0.08822740688510981	0.8442727946762124	88116398200.0	998741789099.0
88	0.09835776509604531	0.890229416458329	2552	6975	2698741	823	89453629581	999828496612	2965908169561	4201467508215	1.0	51.96665570513939	0.44821396944259473	0.08946897381312983	0.08946897381312983	0.8704988230825657	89453629581.0	999828496612.0
90	0.10033034554714074	0.8642602391324083	2405	7039	2698715	755	91160429629	999929752095	2948275953923	4274008056181	1.0	51.96665570513939	0.44930813299139416	0.09116683390808752	0.09116683390808752	0.8778235656391863	91160429629.0	999929752095.0
92	0.1024385139764882	0.8482407235370085	2254	7150	2698728	659	92230778043	999397750433	2935126366404	4415544635861	1.0	4.180611112462861	0.43794610345443025	0.09228635746182139	0.09228635746182139	0.7502006828359845	92230778043.0	999397750433.0
94	0.10388039063559483	0.7509115737428811	2107	7235	2698949	579	92500264465	998101097141	2916443152887	4584288918803	1.0	4.180611112462861	0.44036675314817364	0.09267624765663658	0.09267624765663658	0.6709011953357911	92500264465.0	998101097141.0
96	0.10588846697019386	0.737687993278926	1943	7333	2698812	477	93622810577	999679416217	2911888838558	4831268341872	1.0	3.977325626979404	0.4022637999794219	0.09365283415686268	0.09365283415686268	0.9614651782869649	93622810577.0	999679416217.0
98	0.10757587451014157	0.7430272237832745	1781	7448	2698908	421	92613642997	999496196585	2894804498337	4956506749753	1.0	3.977325626979404	0.42898923206981504	0.09266032558546497	0.09266032558546497	0.7046621474130511	92613642997.0	999496196585.0
100	0.11491029887476992	0.30175440899654293	1095	7935	2699177	70	98145721652	999779160798	2840076759521	5794995998391	1.0	3.958764173649244	0.5019142411638542	0.09816740086246888	0.09816740086246888	0.5109877031838137	98145721652.0	999779160798.0
